0 1 z z z z z
0 0 0 0 0 0 z
0 1 0 0 0 0 z
0 0 0 0 0 1 z
0 1 0 0 0 1 z
0 0 0 0 0 1 0
0 1 0 0 0 1 0
0 0 0 0 0 1 0
0 1 0 0 0 1 0
0 0 170 85 1 1 1
0 1 170 85 1 1 1
0 0 170 85 1 1 0
0 1 170 85 1 1 0
0 0 170 85 1 1 0
0 1 170 85 1 1 0
0 0 170 85 1 1 0
0 1 170 85 1 1 0
0 0 170 85 1 1 1
0 1 170 85 1 1 1
0 0 170 85 1 1 0
0 1 170 85 1 1 0
0 0 170 85 1 1 0
0 1 170 85 1 1 0
0 0 170 85 1 1 0
0 1 170 85 1 1 0
0 0 170 85 1 1 0
0 1 170 85 1 1 0
0 0 170 85 1 1 1
0 1 170 85 1 1 1
0 0 170 85 1 1 0
0 1 170 85 1 1 0
0 0 170 85 1 1 0
0 1 170 85 1 1 0
0 0 170 85 1 1 0
0 1 170 85 1 1 0
0 0 170 85 1 1 0
0 1 170 85 1 1 0
0 0 170 85 1 1 1
0 1 170 85 1 1 1
0 0 170 85 1 1 0
0 1 170 85 1 1 0
0 0 170 85 1 1 0
0 1 170 85 1 1 0
0 0 170 85 1 1 0
0 1 170 85 1 1 0
0 0 170 85 1 1 0
0 1 170 85 1 1 0
0 0 170 85 1 1 1
0 1 170 85 1 1 1
0 0 170 85 1 1 0
0 1 170 85 1 1 0
0 0 170 85 1 1 0
0 1 170 85 1 1 0
0 0 170 85 1 1 0
0 1 170 85 1 1 0
0 0 170 85 1 1 0
0 1 170 85 1 1 0
0 0 170 85 1 1 1
0 1 170 85 1 1 1
0 0 170 85 1 1 0
0 1 170 85 1 1 0
0 0 170 85 1 1 0
0 1 170 85 1 1 0
0 0 170 85 1 1 0
0 1 170 85 1 1 0
0 0 170 85 1 1 0
0 1 170 85 1 1 0
0 0 170 85 1 1 1
0 1 170 85 1 1 1
0 0 170 85 1 1 0
0 1 170 85 1 1 0
0 0 170 85 1 1 0
0 1 170 85 1 1 0
0 0 170 85 1 1 0
0 1 170 85 1 1 0
0 0 170 85 1 1 0
0 1 170 85 1 1 0
0 0 170 85 1 1 1
0 1 170 85 1 1 1
0 0 170 85 1 1 0
0 1 170 85 1 1 0
0 0 170 85 1 1 0
0 1 170 85 1 1 0
0 0 170 85 1 1 0
0 1 170 85 1 1 0
0 0 170 85 1 1 0
0 1 170 85 1 1 0
0 0 170 85 1 1 1
0 1 170 85 1 1 1
0 0 170 85 1 1 0
0 1 170 85 1 1 0
0 0 170 85 1 1 0
0 1 170 85 1 1 0
0 0 170 85 1 1 0
0 1 170 85 1 1 0
0 0 170 85 1 1 0
0 1 170 85 1 1 0
0 0 170 85 1 1 1
0 1 170 85 1 1 1
0 0 170 85 1 1 0
0 1 170 85 1 1 0
0 0 170 85 1 1 0
0 1 170 85 1 1 0
0 0 170 85 1 1 0
0 1 170 85 1 1 0
0 0 170 85 1 1 0
0 1 170 85 1 1 0
0 0 170 85 1 1 1
0 1 170 85 1 1 1
0 0 170 85 1 1 0
0 1 170 85 1 1 0
0 0 170 85 1 1 0
0 1 170 85 1 1 0
0 0 170 85 1 1 0
0 1 170 85 1 1 0
0 0 170 85 1 1 0
0 1 170 85 1 1 0
0 0 170 85 1 1 1
0 1 170 85 1 1 1
0 0 170 85 1 1 0
0 1 170 85 1 1 0
0 0 170 85 1 1 0
0 1 170 85 1 1 0
0 0 170 85 1 1 0
0 1 170 85 1 1 0
0 0 170 85 1 1 0
0 1 170 85 1 1 0
0 0 170 85 1 1 1
0 1 170 85 1 1 1
0 0 170 85 1 1 0
0 1 170 85 1 1 0
0 0 170 85 1 1 0
0 1 170 85 1 1 0
0 0 170 85 1 1 0
0 1 170 85 1 1 0
0 0 170 85 1 1 0
0 1 170 85 1 1 0
0 0 170 85 1 1 1
0 1 170 85 1 1 1
0 0 170 85 1 1 0
0 1 170 85 1 1 0
0 0 170 85 1 1 0
0 1 170 85 1 1 0
0 0 170 85 1 1 0
0 1 170 85 1 1 0
0 0 170 85 1 1 0
0 1 170 85 1 1 0
0 0 170 85 1 1 1
0 1 170 85 1 1 1
0 0 170 85 1 1 0
0 1 170 85 1 1 0
0 0 170 85 1 1 0
0 1 170 85 1 1 0
0 0 170 85 1 1 0
0 1 170 85 1 1 0
0 0 170 85 1 1 0
0 1 170 85 1 1 0
0 0 170 85 1 1 1
0 1 170 85 1 1 1
0 0 170 85 1 1 0
0 1 170 85 1 1 0
0 0 170 85 1 1 0
0 1 170 85 1 1 0
0 0 170 85 1 1 0
0 1 170 85 1 1 0
0 0 170 85 1 1 0
0 1 170 85 1 1 0
0 0 170 85 1 1 1
0 1 170 85 1 1 1
0 0 170 85 1 1 0
0 1 170 85 1 1 0
0 0 170 85 1 1 0
0 1 170 85 1 1 0
0 0 170 85 1 1 0
0 1 170 85 1 1 0
0 0 170 85 1 1 0
0 1 170 85 1 1 0
0 0 170 85 1 1 1
0 1 170 85 1 1 1
0 0 170 85 1 1 0
0 1 170 85 1 1 0
0 0 170 85 1 1 0
0 1 170 85 1 1 0
0 0 170 85 1 1 0
0 1 170 85 1 1 0
0 0 170 85 1 1 0
0 1 170 85 1 1 0
0 0 170 85 1 1 1
0 1 170 85 1 1 1
0 0 170 85 1 1 0
0 1 170 85 1 1 0
0 0 170 85 1 1 0
0 1 170 85 1 1 0
0 0 170 85 1 1 0
0 1 170 85 1 1 0
0 0 170 85 1 1 0
0 1 170 85 1 1 0
0 0 170 85 1 1 1
0 1 170 85 1 1 1
0 0 170 85 1 1 0
0 1 170 85 1 1 0
0 0 170 85 1 1 0
0 1 170 85 1 1 0
0 0 170 85 1 1 0
0 1 170 85 1 1 0
0 0 170 85 1 1 0
0 1 170 85 1 1 0
0 0 170 85 1 1 1
0 1 170 85 1 1 1
0 0 170 85 1 1 0
0 1 170 85 1 1 0
0 0 170 85 1 1 0
0 1 170 85 1 1 0
0 0 170 85 1 1 0
0 1 170 85 1 1 0
0 0 170 85 1 1 0
0 1 170 85 1 1 0
0 0 170 85 1 1 1
0 1 170 85 1 1 1
0 0 170 85 1 1 0
0 1 170 85 1 1 0
0 0 170 85 1 1 0
0 1 170 85 1 1 0
0 0 170 85 1 1 0
0 1 170 85 1 1 0
0 0 170 85 1 1 0
0 1 170 85 1 1 0
0 0 170 85 1 1 1
0 1 170 85 1 1 1
0 0 170 85 1 1 0
0 1 170 85 1 1 0
0 0 170 85 1 1 0
0 1 170 85 1 1 0
0 0 170 85 1 1 0
0 1 170 85 1 1 0
0 0 170 85 1 1 0
0 1 170 85 1 1 0
0 0 170 85 1 1 1
0 1 170 85 1 1 1
0 0 170 85 1 1 0
0 1 170 85 1 1 0
0 0 170 85 1 1 0
0 1 170 85 1 1 0
0 0 170 85 1 1 0
0 1 170 85 1 1 0
0 0 170 85 1 1 0
0 1 170 85 1 1 0
0 0 170 85 1 1 1
0 1 170 85 1 1 1
0 0 170 85 1 1 0
0 1 170 85 1 1 0
0 0 170 85 1 1 0
0 1 170 85 1 1 0
0 0 170 85 1 1 0
0 1 170 85 1 1 0
0 0 170 85 1 1 0
0 1 170 85 1 1 0
0 0 170 85 1 1 1
0 1 170 85 1 1 1
0 0 170 85 1 1 0
0 1 170 85 1 1 0
0 0 170 85 1 1 0
0 1 170 85 1 1 0
0 0 170 85 1 1 0
0 1 170 85 1 1 0
0 0 170 85 1 1 0
0 1 170 85 1 1 0
0 0 170 85 1 1 1
0 1 170 85 1 1 1
0 0 170 85 1 1 0
0 1 170 85 1 1 0
0 0 170 85 1 1 0
0 1 170 85 1 1 0
0 0 170 85 1 1 0
0 1 170 85 1 1 0
0 0 170 85 1 1 0
0 1 170 85 1 1 0
0 0 170 85 1 1 1
0 1 170 85 1 1 1
0 0 170 85 1 1 0
0 1 170 85 1 1 0
0 0 170 85 1 1 0
0 1 170 85 1 1 0
0 0 170 85 1 1 0
0 1 170 85 1 1 0
0 0 170 85 1 1 0
0 1 170 85 1 1 0
0 0 170 85 1 1 1
0 1 170 85 1 1 1
0 0 170 85 1 1 0
0 1 170 85 1 1 0
0 0 170 85 1 1 0
0 1 170 85 1 1 0
0 0 170 85 1 1 0
0 1 170 85 1 1 0
0 0 170 85 1 1 0
0 1 170 85 1 1 0
0 0 170 85 1 1 1
0 1 170 85 1 1 1
0 0 170 85 1 1 0
0 1 170 85 1 1 0
0 0 170 85 1 1 0
0 1 170 85 1 1 0
0 0 170 85 1 1 0
0 1 170 85 1 1 0
0 0 170 85 1 1 0
0 1 170 85 1 1 0
0 0 170 85 1 1 1
0 1 170 85 1 1 1
0 0 170 85 1 1 0
0 1 170 85 1 1 0
0 0 170 85 1 1 0
0 1 170 85 1 1 0
0 0 170 85 1 1 0
0 1 170 85 1 1 0
0 0 170 85 1 1 0
0 1 170 85 1 1 0
0 0 170 85 1 1 1
0 1 170 85 1 1 1
0 0 170 85 1 1 0
0 1 170 85 1 1 0
0 0 170 85 1 1 0
0 1 170 85 1 1 0
0 0 170 85 1 1 0
0 1 170 85 1 1 0
0 0 170 85 1 1 0
0 1 170 85 1 1 0
0 0 170 85 1 1 1
0 1 170 85 1 1 1
0 0 170 85 1 1 0
0 1 170 85 1 1 0
0 0 170 85 1 1 0
0 1 170 85 1 1 0
0 0 170 85 1 1 0
0 1 170 85 1 1 0
0 0 170 85 1 1 0
0 1 170 85 1 1 0
0 0 170 85 1 1 1
0 1 170 85 1 1 1
0 0 170 85 1 1 0
0 1 170 85 1 1 0
0 0 170 85 1 1 0
0 1 170 85 1 1 0
0 0 170 85 1 1 0
0 1 170 85 1 1 0
0 0 170 85 1 1 0
0 1 170 85 1 1 0
0 0 170 85 1 1 1
0 1 170 85 1 1 1
0 0 170 85 1 1 0
0 1 170 85 1 1 0
0 0 170 85 1 1 0
0 1 170 85 1 1 0
0 0 170 85 1 1 0
0 1 170 85 1 1 0
0 0 170 85 1 1 0
0 1 170 85 1 1 0
0 0 170 85 1 1 1
0 1 170 85 1 1 1
0 0 170 85 1 1 0
0 1 170 85 1 1 0
0 0 170 85 1 1 0
0 1 170 85 1 1 0
0 0 170 85 1 1 0
0 1 170 85 1 1 0
0 0 170 85 1 1 0
0 1 170 85 1 1 0
0 0 170 85 1 1 1
0 1 170 85 1 1 1
0 0 170 85 1 1 0
0 1 170 85 1 1 0
0 0 170 85 1 1 0
0 1 170 85 1 1 0
0 0 170 85 1 1 0
0 1 170 85 1 1 0
0 0 170 85 1 1 0
0 1 170 85 1 1 0
0 0 170 85 1 1 1
0 1 170 85 1 1 1
0 0 170 85 1 1 0
0 1 170 85 1 1 0
0 0 170 85 1 1 0
0 1 170 85 1 1 0
0 0 170 85 1 1 0
0 1 170 85 1 1 0
0 0 170 85 1 1 0
0 1 170 85 1 1 0
0 0 170 85 1 1 1
0 1 170 85 1 1 1
0 0 170 85 1 1 0
0 1 170 85 1 1 0
0 0 170 85 1 1 0
0 1 170 85 1 1 0
0 0 170 85 1 1 0
0 1 170 85 1 1 0
0 0 170 85 1 1 0
0 1 170 85 1 1 0
0 0 170 85 1 1 1
0 1 170 85 1 1 1
0 0 170 85 1 1 0
0 1 170 85 1 1 0
0 0 170 85 1 1 0
0 1 170 85 1 1 0
0 0 170 85 1 1 0
0 1 170 85 1 1 0
0 0 170 85 1 1 0
0 1 170 85 1 1 0
0 0 170 85 1 1 1
0 1 170 85 1 1 1
0 0 170 85 1 1 0
0 1 170 85 1 1 0
0 0 170 85 1 1 0
0 1 170 85 1 1 0
0 0 170 85 1 1 0
0 1 170 85 1 1 0
0 0 170 85 1 1 0
0 1 170 85 1 1 0
0 0 170 85 1 1 1
0 1 170 85 1 1 1
0 0 170 85 1 1 0
0 1 170 85 1 1 0
0 0 170 85 1 1 0
0 1 170 85 1 1 0
0 0 170 85 1 1 0
0 1 170 85 1 1 0
0 0 170 85 1 1 0
0 1 170 85 1 1 0
0 0 170 85 1 1 1
0 1 170 85 1 1 1
0 0 170 85 1 1 0
0 1 170 85 1 1 0
0 0 170 85 1 1 0
0 1 170 85 1 1 0
0 0 170 85 1 1 0
0 1 170 85 1 1 0
0 0 170 85 1 1 0
0 1 170 85 1 1 0
0 0 170 85 1 1 1
0 1 170 85 1 1 1
0 0 170 85 1 1 0
0 1 170 85 1 1 0
0 0 170 85 1 1 0
0 1 170 85 1 1 0
0 0 170 85 1 1 0
0 1 170 85 1 1 0
0 0 170 85 1 1 0
0 1 170 85 1 1 0
0 0 170 85 1 1 1
0 1 170 85 1 1 1
0 0 170 85 1 1 0
0 1 170 85 1 1 0
0 0 170 85 1 1 0
0 1 170 85 1 1 0
0 0 170 85 1 1 0
0 1 170 85 1 1 0
0 0 170 85 1 1 0
0 1 170 85 1 1 0
